-96.123686 -36.069514 -134.137326
-93.569786 -10.230000 -127.857908
-88.268345 13.586041 -122.967583
-83.206864 34.681611 -115.989117
-76.295717 56.609824 -101.771239
-63.753889 72.814473 -78.934565
-48.943125 81.757952 -52.070570
-29.127970 89.431505 -27.766831
-0.061109 94.560094 -18.163600
29.065150 89.226677 -28.347517
48.843559 82.005903 -52.717746
63.839198 73.202863 -79.598129
76.318471 57.109735 -102.739028
83.205681 35.068636 -116.999047
88.057049 13.878036 -124.245079
92.789089 -9.653349 -129.400585
95.324500 -35.494854 -135.562589
-75.480900 -75.310088 -56.393810
-64.368955 -86.878933 -42.642235
-50.501951 -91.075035 -32.215671
-37.293435 -91.069980 -25.491600
-25.299803 -88.429212 -22.021657
25.408487 -88.535956 -22.572110
37.452720 -91.398442 -26.354313
50.649834 -91.479616 -33.357672
64.683874 -87.244256 -43.936145
75.622015 -75.079305 -57.696071
0.350065 -59.938262 -15.024653
0.433080 -44.983729 -0.813804
0.519418 -30.801360 13.359559
0.487215 -17.627045 17.824869
-15.883589 -1.328318 -8.449598
-9.135475 -1.130552 -2.748468
0.000000 0.000000 0.000000
9.066712 -1.055344 -2.780763
15.656692 -1.296429 -8.584526
-57.618074 -56.537238 -44.486364
-49.243701 -63.396062 -34.369107
-37.136468 -63.216584 -34.110858
-26.067745 -56.768964 -36.547587
-36.182297 -54.208120 -33.352756
-48.668429 -53.465480 -36.288325
25.544054 -56.555211 -37.334750
36.758651 -63.068112 -35.204008
49.155485 -63.019640 -35.741139
57.724765 -55.962322 -45.448986
48.558833 -53.312185 -37.168674
35.938363 -54.052616 -34.148948
-33.214880 33.328573 -18.146657
-21.660266 22.892330 -3.688382
-7.695871 15.709959 3.469844
-0.104655 16.904681 4.570372
7.437470 15.853876 3.503062
21.325326 23.039591 -3.701402
31.676708 33.910923 -18.129371
20.429265 39.663215 -5.171094
10.383929 43.744013 0.887296
-0.513519 44.461105 2.346930
-11.232343 43.439661 1.174577
-20.941900 39.213832 -5.010672
-29.860883 32.617486 -17.111457
-9.947151 26.007969 -1.840876
-0.400139 25.157137 0.670527
9.152366 26.169852 -1.766149
29.392159 33.257676 -17.310941
8.743891 33.051873 -1.771423
-0.741169 33.491294 -0.583146
-10.051692 32.740782 -2.050910
